x <-5
y <-x^2
z <-5
